100
82
69
71
95
51
114
91
96
48
63
53
93
47
20
112
71
60
33
110
27
53
38
27
36
98
75
44
52
57
84
48
45
92
27
48
114
70
63
117
33
41
36
98
107
86
50
23
20
78
55
39
37
22
116
89
84
97
62
113
54
115
99
117
60
46
47
48
84
100
55
95
73
72
61
40
79
104
43
86
116
64
52
58
23
100
59
46
92
36
20
45
20
31
76
49
43
96
87
84
88
60
72
87
80
80
58
67
64
61
57
58
51
48
64
62
54
61
64
58
59
79
71
70
48
65
76
47
75
86
89
82
45
72
76
52
77
78
86
70
56
74
52
69
74
66
55
67
85
70
54
52
88
65
46
59
78
85
77
45
60
84
59
82
48
58
69
56
71
89
87
60
81
77
68
46
69
53
70
61
69
68
49
49
58
50
76
55
54
50
81
58
85
89
57
76
71
88
49
46
